-0.282452
-0.284619
-0.26078
-0.275
-0.265097
-0.261514
-0.25817
-0.261734
-0.271713
-0.277244
-0.379123
-0.319927
-0.326184
-0.284631
-0.313291
-0.257194
-0.252279
-0.259691
-0.244641
-0.375038
-0.30923
-0.273631
-0.261961
-0.259259
-0.312461
-0.340169
-0.316593
-0.366859
-0.273112
-0.221484
-0.193924
-0.330652
-0.258184
-0.294316
-0.288466
-0.245318
-0.304739
-0.222133
-0.331378
-0.37999
-0.274328
-0.330528
-0.300319
-0.264954
-0.292514
-0.272747
-0.292572
-0.430785
-0.33979
-0.270152
-0.309361
-0.26889
-0.243909
-0.278413
-0.276761
-0.267639
-0.24677
-0.309096
-0.2831
-0.207248
-0.273141
-0.290003
-0.256595
-0.260857
-0.237037
-0.281723
-0.259217
-0.317445
-0.262317
-0.267947
-0.314342
-0.336862
-0.292073
-0.262035
-0.268939
-0.253332
-0.28218
-0.236327
-0.273532
-0.247739
-0.282741
-0.295704
-0.233418
-0.29601
-0.207392
-0.284435
-0.344127
-0.216469
-0.275072
-0.316688
-0.283406
-0.299671
-0.310413
-0.288065
-0.261698
-0.231023
-0.303581
-0.27123
-0.288579
-0.26877
