0.717547
0.715381
0.73922
0.725
0.734903
0.738486
0.74183
0.738265
0.728287
0.722756
0.620877
0.680072
0.673816
0.715369
0.686708
0.742806
0.747721
0.740309
0.755359
0.624962
0.69077
0.726369
0.738039
0.740741
0.687539
0.659831
0.683406
0.633141
0.726888
0.778516
0.806076
0.669348
0.741816
0.705684
0.711534
0.754682
0.695261
0.777867
0.668621
0.62001
0.725672
0.669472
0.699681
0.735046
0.707486
0.727253
0.707428
0.569215
0.66021
0.729848
0.690639
0.73111
0.756091
0.721587
0.723239
0.732361
0.75323
0.690904
0.7169
0.792752
0.726859
0.709997
0.743405
0.739143
0.762963
0.718277
0.740783
0.682555
0.737683
0.732053
0.685658
0.663138
0.707926
0.737964
0.731061
0.746668
0.71782
0.763673
0.726468
0.75226
0.717259
0.704296
0.766582
0.70399
0.792608
0.715565
0.655873
0.783531
0.724928
0.683312
0.716593
0.700329
0.689587
0.711935
0.738302
0.768977
0.696419
0.72877
0.711421
0.73123
